function [F1, F2] = Regain_GRF(analog_1_6, analog_7_12)

    CalibrationMatrix_l = [3.211, -4.296, 9.517, -506.156, -503.077, -12.798;...
                         -488.7, -489.177, -490.137, 12.72, -12.405, 6.997;...
                         -2.439, -22.137, -12.713, -5.808, 0.306, -529.752;...
                         51.205, -296.238, 301.239, 0, 0, 54.628;...
                         0, 0, 0, -252.497, 357.263, -9.06;...
                         249.758, 24.2, 20.303, -52.477, -52.08, 0;];
                     
                     
    CalibrationMatrix_r = [10.127, -0.128, 7.117, 502.928, 498.685, -10.051;...
                         -485.724, -486.699, -488.278, 16.96, 24.012, 1.989;...
                         -3.781, -5.618, -17.688, -4.968, 0.7, -516.168;...
                         297.882, -297.409, 45.867, 0, 0, 52.865;...
                         0, 0, 0, -357.685, 248.453, 8.76;...
                         -30.947, -27.516, -254.202, 52.141, 51.636, 0;];
                     
    F1 = -analog_1_6*CalibrationMatrix_l';
    F2 = -analog_7_12*CalibrationMatrix_r';
    
end

